
Intensity Mean Ch=1 Img=1
 ==================== 
Intensity Mean,Unit,Category,Channel,Image,Time,NS-labs,TrackID,ID,
81.0391,,Spot,1,Image 1,1,PRE;targeted,1000000000,0,
83.1802,,Spot,1,Image 1,1,PRE;targeted,1000000001,1,
125.803,,Spot,1,Image 1,1,PRE;targeted,1000000002,2,
39.393,,Spot,1,Image 1,1,PRE;targeted,1000000003,3,
29.0635,,Spot,1,Image 1,1,PRE;targeted,1000000004,4,
36.8455,,Spot,1,Image 1,1,PRE;targeted,1000000005,5,
63.4216,,Spot,1,Image 1,1,DP,1000000081,81,
53.5876,,Spot,1,Image 1,1,DP,1000000082,82,
79.7283,,Spot,1,Image 1,1,DP,1000000083,83,
24.0221,,Spot,1,Image 1,1,EPI,1000000084,84,
29.6974,,Spot,1,Image 1,1,DP,1000000085,85,
69.258,,Spot,1,Image 1,1,DP;Mito,1000000086,86,
44.6093,,Spot,1,Image 1,1,DP,1000000087,87,
57.3206,,Spot,1,Image 1,1,DP;Mito,1000000088,88,
25.3258,,Spot,1,Image 1,1,DP,1000000090,90,
31.4977,,Spot,1,Image 1,1,DP,1000000091,91,
19.0203,,Spot,1,Image 1,1,EPI,1000000093,93,
38.5438,,Spot,1,Image 1,1,DP,1000000094,94,
24.2711,,Spot,1,Image 1,1,EPI,1000000095,95,
30.3097,,Spot,1,Image 1,1,DP,1000000096,96,
25.2746,,Spot,1,Image 1,1,DP,1000000097,97,
27.4637,,Spot,1,Image 1,1,DP,1000000098,98,
20.4037,,Spot,1,Image 1,1,EPI,1000000099,99,
24.2601,,Spot,1,Image 1,1,DP,1000001710,1710,
26.8458,,Spot,1,Image 1,1,EPI,1000001711,1711,
22.6851,,Spot,1,Image 1,1,EPI,1000001712,1712,
26.6294,,Spot,1,Image 1,1,EPI,1000001794,1794,
44.9621,,Spot,1,Image 1,1,DP,1000001855,1855,
81.2574,,Spot,1,Image 1,2,PRE;targeted,1000000000,1856,
116.769,,Spot,1,Image 1,2,PRE;targeted,1000000002,1857,
76.3392,,Spot,1,Image 1,2,PRE;targeted,1000000001,1858,
40.2529,,Spot,1,Image 1,2,PRE;targeted,1000000003,1859,
29.6349,,Spot,1,Image 1,2,PRE;targeted,1000000004,1860,
38.2908,,Spot,1,Image 1,2,PRE;targeted,1000000005,1861,
53.3356,,Spot,1,Image 1,2,DP,1000000082,1862,
74.5116,,Spot,1,Image 1,2,DP,1000000081,1863,
68.2105,,Spot,1,Image 1,2,DP,1000000083,1864,
68.4907,,Spot,1,Image 1,2,DP;d2,1000000086,1865,
78.3108,,Spot,1,Image 1,2,DP;d1,1000000086,1866,
27.545,,Spot,1,Image 1,2,DP,1000000090,1867,
31.3869,,Spot,1,Image 1,2,DP,1000000085,1868,
47.9263,,Spot,1,Image 1,2,DP,1000000087,1869,
57.1166,,Spot,1,Image 1,2,DP;d1,1000000088,1870,
26.815,,Spot,1,Image 1,2,DP,1000000097,1871,
26.8531,,Spot,1,Image 1,2,DP,1000000096,1872,
39.0181,,Spot,1,Image 1,2,DP;d2,1000000088,1873,
28.1912,,Spot,1,Image 1,2,DP,1000000098,1874,
39.4027,,Spot,1,Image 1,2,DP,1000000094,1875,
36.8488,,Spot,1,Image 1,2,DP,1000000091,1876,
24.6204,,Spot,1,Image 1,2,EPI,1000000084,1877,
25.0833,,Spot,1,Image 1,2,EPI,1000000095,1878,
23.1419,,Spot,1,Image 1,2,EPI,1000000093,1879,
20.5817,,Spot,1,Image 1,2,EPI,1000000099,1880,
22.1365,,Spot,1,Image 1,2,EPI,1000001712,1881,
27.8106,,Spot,1,Image 1,2,EPI,1000001794,1882,
28.9248,,Spot,1,Image 1,2,EPI,1000001711,1883,
44.8271,,Spot,1,Image 1,2,DP,1000001855,1884,
26.638,,Spot,1,Image 1,2,DP,1000001710,1963,
80.5877,,Spot,1,Image 1,3,PRE;targeted,1000000000,1964,
125.956,,Spot,1,Image 1,3,PRE;targeted,1000000002,1965,
81.0961,,Spot,1,Image 1,3,PRE;targeted,1000000001,1966,
47.2598,,Spot,1,Image 1,3,PRE;targeted,1000000003,1967,
31.4569,,Spot,1,Image 1,3,PRE;targeted,1000000004,1968,
39.13,,Spot,1,Image 1,3,PRE;targeted,1000000005,1969,
51.1848,,Spot,1,Image 1,3,DP,1000000082,1970,
71.1544,,Spot,1,Image 1,3,DP,1000000081,1971,
74.6483,,Spot,1,Image 1,3,DP,1000000083,1972,
56.3733,,Spot,1,Image 1,3,DP;d1,1000000086,1973,
52.3348,,Spot,1,Image 1,3,DP;d2,1000000086,1974,
25.0327,,Spot,1,Image 1,3,DP,1000000090,1975,
29.6605,,Spot,1,Image 1,3,DP,1000000085,1976,
50.0699,,Spot,1,Image 1,3,DP,1000000087,1977,
44.086,,Spot,1,Image 1,3,DP;d1,1000000088,1978,
26.4683,,Spot,1,Image 1,3,DP,1000000097,1979,
37.8847,,Spot,1,Image 1,3,DP;d2,1000000088,1980,
28.5698,,Spot,1,Image 1,3,DP,1000000096,1981,
28.4472,,Spot,1,Image 1,3,DP,1000000098,1982,
38.8286,,Spot,1,Image 1,3,DP,1000000094,1983,
30.6022,,Spot,1,Image 1,3,DP,1000000091,1984,
26.3886,,Spot,1,Image 1,3,EPI,1000000084,1985,
24.9453,,Spot,1,Image 1,3,EPI,1000000095,1986,
22.3014,,Spot,1,Image 1,3,EPI,1000000093,1987,
21.1023,,Spot,1,Image 1,3,EPI,1000000099,1988,
22.3756,,Spot,1,Image 1,3,EPI,1000001712,1989,
26.6129,,Spot,1,Image 1,3,EPI,1000001794,1990,
28.4827,,Spot,1,Image 1,3,EPI,1000001711,1991,
43.3991,,Spot,1,Image 1,3,DP,1000001855,1992,
24.8079,,Spot,1,Image 1,3,DP,1000001710,1993,
78.939,,Spot,1,Image 1,4,PRE;targeted,1000000000,1994,
128.714,,Spot,1,Image 1,4,PRE;targeted,1000000002,1995,
87.7529,,Spot,1,Image 1,4,PRE;targeted,1000000001,1996,
50.2019,,Spot,1,Image 1,4,PRE;targeted,1000000003,1997,
36.212,,Spot,1,Image 1,4,Apoptosis;PRE;targeted,1000000004,1998,
41.8524,,Spot,1,Image 1,4,PRE;targeted,1000000005,1999,
54.8384,,Spot,1,Image 1,4,DP,1000000082,2000,
79.5012,,Spot,1,Image 1,4,DP,1000000081,2001,
79.3256,,Spot,1,Image 1,4,DP,1000000083,2002,
50.8993,,Spot,1,Image 1,4,DP;d1,1000000086,2003,
45.2364,,Spot,1,Image 1,4,DP;d2,1000000086,2004,
26.4087,,Spot,1,Image 1,4,DP,1000000090,2005,
31.9251,,Spot,1,Image 1,4,DP,1000000085,2006,
45.3739,,Spot,1,Image 1,4,DP,1000000087,2007,
50.9648,,Spot,1,Image 1,4,DP;d1,1000000088,2008,
27.5176,,Spot,1,Image 1,4,DP,1000000097,2009,
38.7581,,Spot,1,Image 1,4,DP;d2,1000000088,2010,
27.9386,,Spot,1,Image 1,4,DP,1000000096,2011,
29.2369,,Spot,1,Image 1,4,DP,1000000098,2012,
37.1066,,Spot,1,Image 1,4,DP,1000000094,2013,
29.3311,,Spot,1,Image 1,4,DP,1000000091,2014,
22.7798,,Spot,1,Image 1,4,EPI,1000000084,2015,
24.3926,,Spot,1,Image 1,4,EPI,1000000095,2016,
23.1074,,Spot,1,Image 1,4,EPI,1000000093,2017,
21.2705,,Spot,1,Image 1,4,EPI,1000000099,2018,
24.0726,,Spot,1,Image 1,4,EPI,1000001712,2019,
30.3815,,Spot,1,Image 1,4,EPI,1000001794,2020,
30.7874,,Spot,1,Image 1,4,EPI,1000001711,2021,
42.9756,,Spot,1,Image 1,4,DP,1000001855,2022,
24.8652,,Spot,1,Image 1,4,DP,1000001710,2023,
90.519,,Spot,1,Image 1,5,PRE;targeted,1000000000,2024,
130.607,,Spot,1,Image 1,5,PRE;targeted,1000000002,2025,
76.7791,,Spot,1,Image 1,5,PRE;targeted,1000000001,2026,
61.2603,,Spot,1,Image 1,5,PRE;targeted,1000000003,2027,
44.5133,,Spot,1,Image 1,5,PRE;targeted,1000000005,2028,
53.3239,,Spot,1,Image 1,5,DP,1000000082,2029,
79.3296,,Spot,1,Image 1,5,DP,1000000081,2030,
83.1525,,Spot,1,Image 1,5,DP,1000000083,2031,
49.4065,,Spot,1,Image 1,5,DP;d1,1000000086,2032,
46.1579,,Spot,1,Image 1,5,DP;d2,1000000086,2033,
27.0261,,Spot,1,Image 1,5,DP,1000000090,2034,
33.277,,Spot,1,Image 1,5,DP,1000000085,2035,
46.331,,Spot,1,Image 1,5,DP,1000000087,2036,
49.8064,,Spot,1,Image 1,5,DP;d1,1000000088,2037,
28.2466,,Spot,1,Image 1,5,DP,1000000097,2038,
40.6528,,Spot,1,Image 1,5,DP;d2,1000000088,2039,
29.6785,,Spot,1,Image 1,5,DP,1000000096,2040,
32.5106,,Spot,1,Image 1,5,DP,1000000098,2041,
38.216,,Spot,1,Image 1,5,DP,1000000094,2042,
29.9865,,Spot,1,Image 1,5,DP,1000000091,2043,
24.2534,,Spot,1,Image 1,5,EPI,1000000084,2044,
25.7778,,Spot,1,Image 1,5,EPI,1000000095,2045,
22.2263,,Spot,1,Image 1,5,EPI,1000000093,2046,
20.7376,,Spot,1,Image 1,5,EPI,1000000099,2047,
23.6991,,Spot,1,Image 1,5,EPI,1000001712,2048,
30.1996,,Spot,1,Image 1,5,EPI,1000001794,2049,
30.7652,,Spot,1,Image 1,5,EPI,1000001711,2050,
42.6114,,Spot,1,Image 1,5,DP,1000001855,2051,
28.6784,,Spot,1,Image 1,5,DP,1000001710,2052,
81.6643,,Spot,1,Image 1,6,PRE;targeted,1000000000,2053,
139.073,,Spot,1,Image 1,6,PRE;targeted,1000000002,2054,
79.0322,,Spot,1,Image 1,6,PRE;targeted,1000000001,2055,
57.1049,,Spot,1,Image 1,6,PRE;targeted,1000000003,2056,
53.6721,,Spot,1,Image 1,6,DP,1000000082,2057,
81.5438,,Spot,1,Image 1,6,DP,1000000081,2058,
85.1068,,Spot,1,Image 1,6,DP,1000000083,2059,
51.2128,,Spot,1,Image 1,6,DP;d1,1000000086,2060,
48.6339,,Spot,1,Image 1,6,DP;d2,1000000086,2061,
26.6242,,Spot,1,Image 1,6,DP,1000000090,2062,
34.6651,,Spot,1,Image 1,6,DP,1000000085,2063,
40.3229,,Spot,1,Image 1,6,DP,1000000087,2064,
49.7708,,Spot,1,Image 1,6,DP;d1,1000000088,2065,
27.8889,,Spot,1,Image 1,6,DP,1000000097,2066,
41.7391,,Spot,1,Image 1,6,DP;d2,1000000088,2067,
32.0203,,Spot,1,Image 1,6,DP,1000000096,2068,
34.7552,,Spot,1,Image 1,6,DP,1000000098,2069,
38.4129,,Spot,1,Image 1,6,DP,1000000094,2070,
29.6543,,Spot,1,Image 1,6,DP,1000000091,2071,
25.4665,,Spot,1,Image 1,6,EPI,1000000084,2072,
25.4283,,Spot,1,Image 1,6,EPI,1000000095,2073,
22.5596,,Spot,1,Image 1,6,EPI,1000000093,2074,
21.2877,,Spot,1,Image 1,6,EPI,1000000099,2075,
22.7534,,Spot,1,Image 1,6,EPI,1000001712,2076,
28.2,,Spot,1,Image 1,6,EPI,1000001794,2077,
33.2186,,Spot,1,Image 1,6,EPI,1000001711,2078,
43.7856,,Spot,1,Image 1,6,DP,1000001855,2079,
26.8018,,Spot,1,Image 1,6,DP,1000001710,2080,
38.6256,,Spot,1,Image 1,6,PRE;targeted,1000000005,2081,
94.4141,,Spot,1,Image 1,7,PRE;targeted,1000000000,2082,
148.054,,Spot,1,Image 1,7,PRE;targeted,1000000002,2083,
86.1659,,Spot,1,Image 1,7,PRE;targeted,1000000001,2084,
58.4309,,Spot,1,Image 1,7,PRE;targeted,1000000003,2085,
56.3326,,Spot,1,Image 1,7,DP,1000000082,2086,
85.7146,,Spot,1,Image 1,7,DP,1000000081,2087,
85.1481,,Spot,1,Image 1,7,DP,1000000083,2088,
53.3273,,Spot,1,Image 1,7,DP;d1,1000000086,2089,
52.8136,,Spot,1,Image 1,7,DP;d2,1000000086,2090,
28.5446,,Spot,1,Image 1,7,DP,1000000090,2091,
31.8542,,Spot,1,Image 1,7,DP,1000000085,2092,
34.9151,,Spot,1,Image 1,7,DP,1000000087,2093,
51.7267,,Spot,1,Image 1,7,DP;d1,1000000088,2094,
30.464,,Spot,1,Image 1,7,DP,1000000097,2095,
43.5721,,Spot,1,Image 1,7,DP;d2,1000000088,2096,
34.4615,,Spot,1,Image 1,7,DP,1000000096,2097,
34.8359,,Spot,1,Image 1,7,DP,1000000098,2098,
43.1435,,Spot,1,Image 1,7,DP,1000000094,2099,
30.3115,,Spot,1,Image 1,7,DP,1000000091,2100,
26.7054,,Spot,1,Image 1,7,EPI,1000000084,2101,
25.8122,,Spot,1,Image 1,7,EPI,1000000095,2102,
23.7495,,Spot,1,Image 1,7,EPI,1000000093,2103,
21.2898,,Spot,1,Image 1,7,EPI,1000000099,2104,
24.5532,,Spot,1,Image 1,7,EPI,1000001712,2105,
28.7432,,Spot,1,Image 1,7,EPI,1000001794,2106,
34.3581,,Spot,1,Image 1,7,EPI,1000001711,2107,
43.8218,,Spot,1,Image 1,7,DP,1000001855,2108,
30.3191,,Spot,1,Image 1,7,DP,1000001710,2109,
49.4495,,Spot,1,Image 1,7,PRE;targeted,1000000005,2110,
101.025,,Spot,1,Image 1,8,PRE;targeted,1000000000,2111,
153.436,,Spot,1,Image 1,8,PRE;targeted,1000000002,2112,
82.4847,,Spot,1,Image 1,8,PRE;targeted,1000000001,2113,
58.385,,Spot,1,Image 1,8,Apoptosis;PRE;targeted,1000000003,2114,
60.3379,,Spot,1,Image 1,8,DP,1000000082,2115,
90.2807,,Spot,1,Image 1,8,DP,1000000081,2116,
93.6009,,Spot,1,Image 1,8,DP,1000000083,2117,
51.0178,,Spot,1,Image 1,8,DP;d1,1000000086,2118,
51.9461,,Spot,1,Image 1,8,DP;d2,1000000086,2119,
26.7857,,Spot,1,Image 1,8,DP,1000000090,2120,
32.6522,,Spot,1,Image 1,8,DP,1000000085,2121,
50.0727,,Spot,1,Image 1,8,DP,1000000087,2122,
54.6074,,Spot,1,Image 1,8,DP;d1,1000000088,2123,
28.0069,,Spot,1,Image 1,8,DP,1000000097,2124,
40.0248,,Spot,1,Image 1,8,DP;d2,1000000088,2125,
28.9014,,Spot,1,Image 1,8,DP,1000000096,2126,
31.6821,,Spot,1,Image 1,8,DP,1000000098,2127,
41.9487,,Spot,1,Image 1,8,DP,1000000094,2128,
30.6404,,Spot,1,Image 1,8,DP,1000000091,2129,
24.6493,,Spot,1,Image 1,8,EPI,1000000084,2130,
26.7752,,Spot,1,Image 1,8,EPI,1000000095,2131,
22.7495,,Spot,1,Image 1,8,EPI,1000000093,2132,
21.0089,,Spot,1,Image 1,8,EPI,1000000099,2133,
21.9326,,Spot,1,Image 1,8,EPI,1000001712,2134,
27.5851,,Spot,1,Image 1,8,EPI,1000001794,2135,
32.7007,,Spot,1,Image 1,8,EPI,1000001711,2136,
42.4339,,Spot,1,Image 1,8,DP,1000001855,2137,
34.5944,,Spot,1,Image 1,8,DP,1000001710,2138,
46.2789,,Spot,1,Image 1,8,PRE;targeted,1000000005,2139,
96.5734,,Spot,1,Image 1,9,PRE;targeted,1000000000,2140,
147.403,,Spot,1,Image 1,9,PRE;targeted,1000000002,2141,
90.0767,,Spot,1,Image 1,9,PRE;targeted,1000000001,2142,
56.9195,,Spot,1,Image 1,9,DP,1000000082,2143,
87.8094,,Spot,1,Image 1,9,DP,1000000081,2144,
90.5685,,Spot,1,Image 1,9,DP,1000000083,2145,
53.2315,,Spot,1,Image 1,9,DP;d1,1000000086,2146,
51.5082,,Spot,1,Image 1,9,DP;d2,1000000086,2147,
26.2047,,Spot,1,Image 1,9,DP,1000000090,2148,
33.3054,,Spot,1,Image 1,9,DP,1000000085,2149,
48.0853,,Spot,1,Image 1,9,DP,1000000087,2150,
54.3978,,Spot,1,Image 1,9,DP;d1,1000000088,2151,
27.9114,,Spot,1,Image 1,9,DP,1000000097,2152,
37.5414,,Spot,1,Image 1,9,DP;d2,1000000088,2153,
30.3318,,Spot,1,Image 1,9,DP,1000000096,2154,
33.9816,,Spot,1,Image 1,9,DP,1000000098,2155,
47.2118,,Spot,1,Image 1,9,DP,1000000094,2156,
29.5877,,Spot,1,Image 1,9,DP,1000000091,2157,
25.7054,,Spot,1,Image 1,9,EPI,1000000084,2158,
26.6732,,Spot,1,Image 1,9,EPI,1000000095,2159,
21.3396,,Spot,1,Image 1,9,EPI,1000000093,2160,
21.0863,,Spot,1,Image 1,9,EPI,1000000099,2161,
22.426,,Spot,1,Image 1,9,EPI,1000001712,2162,
73.7887,,Spot,1,Image 1,9,EPI,1000001794,2163,
36.6816,,Spot,1,Image 1,9,EPI,1000001711,2164,
44.3981,,Spot,1,Image 1,9,DP,1000001855,2165,
27.9381,,Spot,1,Image 1,9,DP,1000001710,2166,
48.5563,,Spot,1,Image 1,9,PRE;targeted,1000000005,2167,
95.7155,,Spot,1,Image 1,10,PRE;targeted,1000000000,2168,
142.879,,Spot,1,Image 1,10,PRE;targeted,1000000002,2169,
80.4824,,Spot,1,Image 1,10,PRE;targeted,1000000001,2170,
56.0092,,Spot,1,Image 1,10,DP,1000000082,2171,
93.5023,,Spot,1,Image 1,10,DP,1000000081,2172,
91.7778,,Spot,1,Image 1,10,DP,1000000083,2173,
58.9016,,Spot,1,Image 1,10,DP;d1,1000000086,2174,
54.9804,,Spot,1,Image 1,10,DP;d2,1000000086,2175,
26.7952,,Spot,1,Image 1,10,DP,1000000090,2176,
35.8543,,Spot,1,Image 1,10,DP,1000000085,2177,
49.7885,,Spot,1,Image 1,10,DP,1000000087,2178,
51.6187,,Spot,1,Image 1,10,DP;d1,1000000088,2179,
28.4375,,Spot,1,Image 1,10,DP,1000000097,2180,
40.5258,,Spot,1,Image 1,10,DP;d2,1000000088,2181,
31.4668,,Spot,1,Image 1,10,DP,1000000096,2182,
34.8609,,Spot,1,Image 1,10,DP,1000000098,2183,
50.6388,,Spot,1,Image 1,10,DP,1000000094,2184,
29.6601,,Spot,1,Image 1,10,DP,1000000091,2185,
26.5448,,Spot,1,Image 1,10,EPI,1000000084,2186,
25.2014,,Spot,1,Image 1,10,EPI,1000000095,2187,
22.1802,,Spot,1,Image 1,10,EPI,1000000093,2188,
21.6338,,Spot,1,Image 1,10,EPI,1000000099,2189,
22.5452,,Spot,1,Image 1,10,EPI,1000001712,2190,
25.0651,,Spot,1,Image 1,10,EPI,1000001794,2191,
36.2037,,Spot,1,Image 1,10,EPI,1000001711,2192,
43.8158,,Spot,1,Image 1,10,DP,1000001855,2193,
26.586,,Spot,1,Image 1,10,DP,1000001710,2194,
38.5708,,Spot,1,Image 1,10,PRE;targeted,1000000005,2195,
95.7987,,Spot,1,Image 1,11,PRE;targeted,1000000000,2196,
158.58,,Spot,1,Image 1,11,PRE;targeted,1000000002,2197,
90.936,,Spot,1,Image 1,11,PRE;targeted,1000000001,2198,
58.3183,,Spot,1,Image 1,11,DP,1000000082,2199,
88.8886,,Spot,1,Image 1,11,DP,1000000081,2200,
88.0723,,Spot,1,Image 1,11,DP,1000000083,2201,
54.3507,,Spot,1,Image 1,11,DP;d1,1000000086,2202,
51.8176,,Spot,1,Image 1,11,DP;d2,1000000086,2203,
28.4111,,Spot,1,Image 1,11,DP,1000000090,2204,
36.8642,,Spot,1,Image 1,11,DP,1000000085,2205,
50.4372,,Spot,1,Image 1,11,DP,1000000087,2206,
55.8902,,Spot,1,Image 1,11,DP;d1,1000000088,2207,
28.1806,,Spot,1,Image 1,11,DP,1000000097,2208,
38.4816,,Spot,1,Image 1,11,DP;d2,1000000088,2209,
30.4751,,Spot,1,Image 1,11,DP,1000000096,2210,
37.0653,,Spot,1,Image 1,11,DP,1000000098,2211,
43.8509,,Spot,1,Image 1,11,DP,1000000094,2212,
29.0831,,Spot,1,Image 1,11,DP,1000000091,2213,
25.3837,,Spot,1,Image 1,11,EPI,1000000084,2214,
23.5835,,Spot,1,Image 1,11,EPI,1000000095,2215,
22.4619,,Spot,1,Image 1,11,EPI,1000000093,2216,
21.2207,,Spot,1,Image 1,11,EPI,1000000099,2217,
22.0371,,Spot,1,Image 1,11,EPI,1000001712,2218,
29.2118,,Spot,1,Image 1,11,EPI,1000001794,2219,
34.9954,,Spot,1,Image 1,11,EPI,1000001711,2220,
43.9004,,Spot,1,Image 1,11,DP,1000001855,2221,
40.5092,,Spot,1,Image 1,11,PRE;targeted,1000000005,2222,
100.834,,Spot,1,Image 1,12,PRE;targeted,1000000000,2223,
160.446,,Spot,1,Image 1,12,PRE;targeted,1000000002,2224,
89.1901,,Spot,1,Image 1,12,PRE;targeted,1000000001,2225,
56.7335,,Spot,1,Image 1,12,DP,1000000082,2226,
90.5774,,Spot,1,Image 1,12,DP,1000000081,2227,
91.5756,,Spot,1,Image 1,12,DP,1000000083,2228,
53.5632,,Spot,1,Image 1,12,DP;d1,1000000086,2229,
53.3246,,Spot,1,Image 1,12,DP;d2,1000000086,2230,
29.2882,,Spot,1,Image 1,12,DP,1000000090,2231,
36.1422,,Spot,1,Image 1,12,DP,1000000085,2232,
46.8367,,Spot,1,Image 1,12,DP,1000000087,2233,
54.9978,,Spot,1,Image 1,12,DP;d1,1000000088,2234,
27.9576,,Spot,1,Image 1,12,DP,1000000097,2235,
41.213,,Spot,1,Image 1,12,DP;d2,1000000088,2236,
31.1987,,Spot,1,Image 1,12,DP,1000000096,2237,
37.611,,Spot,1,Image 1,12,DP,1000000098,2238,
50.2621,,Spot,1,Image 1,12,DP,1000000094,2239,
29.9681,,Spot,1,Image 1,12,DP,1000000091,2240,
26.9153,,Spot,1,Image 1,12,EPI,1000000084,2241,
24.7074,,Spot,1,Image 1,12,EPI,1000000095,2242,
21.5351,,Spot,1,Image 1,12,EPI,1000000093,2243,
21.9883,,Spot,1,Image 1,12,EPI,1000000099,2244,
41.4279,,Spot,1,Image 1,12,PRE;targeted,1000000005,2245,
21.2713,,Spot,1,Image 1,12,EPI,1000001712,2246,
25.6749,,Spot,1,Image 1,12,EPI,1000001794,2247,
35.4364,,Spot,1,Image 1,12,EPI,1000001711,2248,
41.3171,,Spot,1,Image 1,12,DP,1000001855,2249,
107.449,,Spot,1,Image 1,13,PRE;targeted,1000000000,2250,
160.022,,Spot,1,Image 1,13,PRE;targeted,1000000002,2251,
80.2276,,Spot,1,Image 1,13,PRE;targeted,1000000001,2252,
54.9174,,Spot,1,Image 1,13,DP,1000000082,2253,
91.1031,,Spot,1,Image 1,13,DP,1000000081,2254,
94.5424,,Spot,1,Image 1,13,DP,1000000083,2255,
57.0742,,Spot,1,Image 1,13,DP;d1,1000000086,2256,
57.4641,,Spot,1,Image 1,13,DP;d2,1000000086,2257,
27.1933,,Spot,1,Image 1,13,DP,1000000090,2258,
35.902,,Spot,1,Image 1,13,DP,1000000085,2259,
44.9761,,Spot,1,Image 1,13,DP,1000000087,2260,
57.6463,,Spot,1,Image 1,13,DP;d1,1000000088,2261,
28.5721,,Spot,1,Image 1,13,DP,1000000097,2262,
40.9224,,Spot,1,Image 1,13,DP;d2,1000000088,2263,
33.3924,,Spot,1,Image 1,13,DP,1000000096,2264,
36.1284,,Spot,1,Image 1,13,DP,1000000098,2265,
54.5869,,Spot,1,Image 1,13,DP,1000000094,2266,
32.1195,,Spot,1,Image 1,13,DP,1000000091,2267,
26.2814,,Spot,1,Image 1,13,EPI,1000000084,2268,
25.1728,,Spot,1,Image 1,13,EPI,1000000095,2269,
21.1342,,Spot,1,Image 1,13,EPI,1000000093,2270,
21.0204,,Spot,1,Image 1,13,EPI,1000000099,2271,
43.1074,,Spot,1,Image 1,13,PRE;targeted,1000000005,2272,
21.05,,Spot,1,Image 1,13,EPI,1000001712,2273,
27.7051,,Spot,1,Image 1,13,EPI,1000001794,2274,
36.1491,,Spot,1,Image 1,13,EPI,1000001711,2275,
39.3227,,Spot,1,Image 1,13,DP,1000001855,2276,
101.988,,Spot,1,Image 1,14,PRE;targeted,1000000000,2277,
172.404,,Spot,1,Image 1,14,PRE;targeted,1000000002,2278,
83.1354,,Spot,1,Image 1,14,PRE;targeted,1000000001,2279,
54.907,,Spot,1,Image 1,14,DP,1000000082,2280,
86.3465,,Spot,1,Image 1,14,DP,1000000081,2281,
84.2951,,Spot,1,Image 1,14,DP,1000000083,2282,
58.3409,,Spot,1,Image 1,14,DP;d1,1000000086,2283,
56.9398,,Spot,1,Image 1,14,DP;d2,1000000086,2284,
28.1002,,Spot,1,Image 1,14,DP,1000000090,2285,
33.8732,,Spot,1,Image 1,14,DP,1000000085,2286,
43.8512,,Spot,1,Image 1,14,DP,1000000087,2287,
63.8759,,Spot,1,Image 1,14,DP;d1,1000000088,2288,
29.3595,,Spot,1,Image 1,14,DP,1000000097,2289,
43.089,,Spot,1,Image 1,14,DP;d2,1000000088,2290,
32.8475,,Spot,1,Image 1,14,DP,1000000096,2291,
38.411,,Spot,1,Image 1,14,DP,1000000098,2292,
49.5351,,Spot,1,Image 1,14,DP,1000000094,2293,
29.4693,,Spot,1,Image 1,14,DP,1000000091,2294,
25.26,,Spot,1,Image 1,14,EPI,1000000084,2295,
25.6295,,Spot,1,Image 1,14,EPI,1000000095,2296,
21.9133,,Spot,1,Image 1,14,EPI,1000000093,2297,
21.4838,,Spot,1,Image 1,14,EPI,1000000099,2298,
43.5646,,Spot,1,Image 1,14,PRE;targeted,1000000005,2299,
21.9469,,Spot,1,Image 1,14,EPI,1000001712,2300,
26.2262,,Spot,1,Image 1,14,EPI,1000001794,2301,
35.8417,,Spot,1,Image 1,14,EPI,1000001711,2302,
41.3442,,Spot,1,Image 1,14,DP,1000001855,2303,
103.616,,Spot,1,Image 1,15,PRE;targeted,1000000000,2304,
169.553,,Spot,1,Image 1,15,PRE;targeted,1000000002,2305,
78.8476,,Spot,1,Image 1,15,PRE;targeted,1000000001,2306,
55.0135,,Spot,1,Image 1,15,DP,1000000082,2307,
85.0236,,Spot,1,Image 1,15,DP,1000000081,2308,
95.9029,,Spot,1,Image 1,15,DP,1000000083,2309,
63.262,,Spot,1,Image 1,15,DP;d1,1000000086,2310,
72.7195,,Spot,1,Image 1,15,Apoptosis;DP;d2,1000000086,2311,
28.5023,,Spot,1,Image 1,15,DP,1000000090,2312,
32.2465,,Spot,1,Image 1,15,DP,1000000085,2313,
39.8597,,Spot,1,Image 1,15,DP,1000000087,2314,
64.2083,,Spot,1,Image 1,15,DP;d1,1000000088,2315,
27.6645,,Spot,1,Image 1,15,DP,1000000097,2316,
43.122,,Spot,1,Image 1,15,DP;d2,1000000088,2317,
33.2715,,Spot,1,Image 1,15,DP,1000000096,2318,
39.5948,,Spot,1,Image 1,15,DP,1000000098,2319,
52.6592,,Spot,1,Image 1,15,DP,1000000094,2320,
25.7775,,Spot,1,Image 1,15,DP,1000000091,2321,
26.9978,,Spot,1,Image 1,15,EPI,1000000084,2322,
26.2346,,Spot,1,Image 1,15,EPI,1000000095,2323,
21.9011,,Spot,1,Image 1,15,EPI,1000000093,2324,
21.1512,,Spot,1,Image 1,15,EPI,1000000099,2325,
38.0228,,Spot,1,Image 1,15,PRE;targeted,1000000005,2326,
21.1625,,Spot,1,Image 1,15,EPI,1000001712,2327,
23.9956,,Spot,1,Image 1,15,EPI,1000001794,2328,
37.9865,,Spot,1,Image 1,15,EPI,1000001711,2329,
38.851,,Spot,1,Image 1,15,DP,1000001855,2330,
105.912,,Spot,1,Image 1,16,PRE;targeted,1000000000,2331,
177.234,,Spot,1,Image 1,16,PRE;targeted,1000000002,2332,
75.5323,,Spot,1,Image 1,16,PRE;targeted,1000000001,2333,
54.3741,,Spot,1,Image 1,16,DP,1000000082,2334,
86.4084,,Spot,1,Image 1,16,DP,1000000081,2335,
102.444,,Spot,1,Image 1,16,DP,1000000083,2336,
60.1422,,Spot,1,Image 1,16,DP;d1,1000000086,2337,
27.5394,,Spot,1,Image 1,16,DP,1000000090,2338,
35.7251,,Spot,1,Image 1,16,DP,1000000085,2339,
42.5298,,Spot,1,Image 1,16,DP,1000000087,2340,
67.1833,,Spot,1,Image 1,16,DP;d1,1000000088,2341,
29.4776,,Spot,1,Image 1,16,DP,1000000097,2342,
41.092,,Spot,1,Image 1,16,DP;d2,1000000088,2343,
33.8896,,Spot,1,Image 1,16,DP,1000000096,2344,
38.2516,,Spot,1,Image 1,16,DP,1000000098,2345,
49.3874,,Spot,1,Image 1,16,DP,1000000094,2346,
28.615,,Spot,1,Image 1,16,DP,1000000091,2347,
24.9911,,Spot,1,Image 1,16,EPI,1000000084,2348,
25.886,,Spot,1,Image 1,16,EPI,1000000095,2349,
21.9332,,Spot,1,Image 1,16,EPI,1000000093,2350,
20.6101,,Spot,1,Image 1,16,EPI,1000000099,2351,
37.8615,,Spot,1,Image 1,16,PRE;targeted,1000000005,2352,
20.955,,Spot,1,Image 1,16,EPI,1000001712,2353,
24.7471,,Spot,1,Image 1,16,EPI,1000001794,2354,
36.5516,,Spot,1,Image 1,16,EPI,1000001711,2355,
40.1063,,Spot,1,Image 1,16,DP,1000001855,2356,
98.6067,,Spot,1,Image 1,17,PRE;targeted,1000000000,2357,
166.052,,Spot,1,Image 1,17,PRE;targeted,1000000002,2358,
75.0724,,Spot,1,Image 1,17,Apoptosis;PRE;targeted,1000000001,2359,
53.2232,,Spot,1,Image 1,17,DP,1000000082,2360,
86.7111,,Spot,1,Image 1,17,DP,1000000081,2361,
99.532,,Spot,1,Image 1,17,DP,1000000083,2362,
58.9603,,Spot,1,Image 1,17,DP;d1,1000000086,2363,
24.8453,,Spot,1,Image 1,17,DP,1000000090,2364,
33.8406,,Spot,1,Image 1,17,DP,1000000085,2365,
38.5953,,Spot,1,Image 1,17,DP,1000000087,2366,
66.9434,,Spot,1,Image 1,17,DP;d1,1000000088,2367,
30.2511,,Spot,1,Image 1,17,DP,1000000097,2368,
54.7351,,Spot,1,Image 1,17,DP;d2,1000000088,2369,
35.3224,,Spot,1,Image 1,17,DP,1000000096,2370,
44.1379,,Spot,1,Image 1,17,DP,1000000098,2371,
48.4347,,Spot,1,Image 1,17,DP,1000000094,2372,
28.4572,,Spot,1,Image 1,17,DP,1000000091,2373,
24.3816,,Spot,1,Image 1,17,Apoptosis;EPI,1000000084,2374,
26.5671,,Spot,1,Image 1,17,EPI,1000000095,2375,
21.0973,,Spot,1,Image 1,17,EPI,1000000093,2376,
21.8163,,Spot,1,Image 1,17,EPI,1000000099,2377,
40.1324,,Spot,1,Image 1,17,PRE;targeted,1000000005,2378,
20.6009,,Spot,1,Image 1,17,EPI,1000001712,2379,
25.205,,Spot,1,Image 1,17,EPI,1000001794,2380,
37.1072,,Spot,1,Image 1,17,EPI,1000001711,2381,
38.8417,,Spot,1,Image 1,17,DP,1000001855,2382,
97.0966,,Spot,1,Image 1,18,PRE;targeted,1000000000,2383,
173.823,,Spot,1,Image 1,18,PRE;targeted,1000000002,2384,
57.8005,,Spot,1,Image 1,18,DP,1000000082,2385,
96.7634,,Spot,1,Image 1,18,DP,1000000081,2386,
101.544,,Spot,1,Image 1,18,DP,1000000083,2387,
61.6696,,Spot,1,Image 1,18,DP;d1,1000000086,2388,
25.6204,,Spot,1,Image 1,18,DP,1000000090,2389,
37.2851,,Spot,1,Image 1,18,DP,1000000085,2390,
41.4184,,Spot,1,Image 1,18,DP,1000000087,2391,
70.3146,,Spot,1,Image 1,18,DP;d1,1000000088,2392,
28.7239,,Spot,1,Image 1,18,DP,1000000097,2393,
57.255,,Spot,1,Image 1,18,Apoptosis;DP;d2,1000000088,2394,
35.5878,,Spot,1,Image 1,18,DP,1000000096,2395,
47.6719,,Spot,1,Image 1,18,DP,1000000098,2396,
48.9784,,Spot,1,Image 1,18,DP,1000000094,2397,
29.457,,Spot,1,Image 1,18,DP,1000000091,2398,
26.3888,,Spot,1,Image 1,18,EPI,1000000095,2399,
21.9718,,Spot,1,Image 1,18,EPI,1000000093,2400,
21.4651,,Spot,1,Image 1,18,EPI,1000000099,2401,
20.8074,,Spot,1,Image 1,18,EPI,1000001712,2402,
26.8017,,Spot,1,Image 1,18,EPI,1000001794,2403,
38.2636,,Spot,1,Image 1,18,DP,1000001855,2404,
41.639,,Spot,1,Image 1,18,PRE;targeted,1000000005,2405,
99.8838,,Spot,1,Image 1,19,PRE;targeted,1000000000,2406,
177.129,,Spot,1,Image 1,19,PRE;targeted,1000000002,2407,
53.373,,Spot,1,Image 1,19,DP,1000000082,2408,
80.7613,,Spot,1,Image 1,19,DP,1000000081,2409,
97.9369,,Spot,1,Image 1,19,DP,1000000083,2410,
56.4167,,Spot,1,Image 1,19,DP;d1,1000000086,2411,
24.6488,,Spot,1,Image 1,19,DP,1000000090,2412,
34.1376,,Spot,1,Image 1,19,DP,1000000085,2413,
40.2245,,Spot,1,Image 1,19,DP,1000000087,2414,
71.1076,,Spot,1,Image 1,19,DP;d1,1000000088,2415,
27.5385,,Spot,1,Image 1,19,DP,1000000097,2416,
33.2685,,Spot,1,Image 1,19,DP,1000000096,2417,
39.4463,,Spot,1,Image 1,19,DP,1000000098,2418,
48.9515,,Spot,1,Image 1,19,DP,1000000094,2419,
28.1712,,Spot,1,Image 1,19,DP,1000000091,2420,
24.7834,,Spot,1,Image 1,19,EPI,1000000095,2421,
20.5748,,Spot,1,Image 1,19,EPI,1000000093,2422,
21.765,,Spot,1,Image 1,19,EPI,1000000099,2423,
21.5775,,Spot,1,Image 1,19,EPI,1000001712,2424,
31.8833,,Spot,1,Image 1,19,EPI,1000001794,2425,
37.487,,Spot,1,Image 1,19,DP,1000001855,2426,
40.2408,,Spot,1,Image 1,19,PRE;targeted,1000000005,2427,
94.4202,,Spot,1,Image 1,20,PRE;targeted,1000000000,2428,
162.872,,Spot,1,Image 1,20,PRE;targeted,1000000002,2429,
47.9906,,Spot,1,Image 1,20,DP,1000000082,2430,
79.77,,Spot,1,Image 1,20,DP,1000000081,2431,
93.2338,,Spot,1,Image 1,20,DP,1000000083,2432,
60.3793,,Spot,1,Image 1,20,DP;d1,1000000086,2433,
25.947,,Spot,1,Image 1,20,DP,1000000090,2434,
36.8256,,Spot,1,Image 1,20,DP,1000000085,2435,
39.8487,,Spot,1,Image 1,20,DP,1000000087,2436,
64.4808,,Spot,1,Image 1,20,DP;d1,1000000088,2437,
26.1288,,Spot,1,Image 1,20,DP,1000000097,2438,
35.3982,,Spot,1,Image 1,20,DP,1000000096,2439,
40.7027,,Spot,1,Image 1,20,DP,1000000098,2440,
47.8741,,Spot,1,Image 1,20,DP,1000000094,2441,
28.2593,,Spot,1,Image 1,20,DP,1000000091,2442,
22.6749,,Spot,1,Image 1,20,EPI,1000000099,2443,
25.0315,,Spot,1,Image 1,20,EPI,1000000095,2444,
22.2791,,Spot,1,Image 1,20,EPI,1000000093,2445,
22.1062,,Spot,1,Image 1,20,EPI,1000001712,2446,
34.9911,,Spot,1,Image 1,20,EPI,1000001794,2447,
35.0506,,Spot,1,Image 1,20,DP,1000001855,2448,
40.4055,,Spot,1,Image 1,20,PRE;targeted,1000000005,2449,
105.052,,Spot,1,Image 1,21,PRE;targeted,1000000000,2450,
179.403,,Spot,1,Image 1,21,PRE;targeted,1000000002,2451,
51.9797,,Spot,1,Image 1,21,DP,1000000082,2452,
79.9,,Spot,1,Image 1,21,DP,1000000081,2453,
86.6126,,Spot,1,Image 1,21,DP,1000000083,2454,
77.86,,Spot,1,Image 1,21,Apoptosis;DP;d1,1000000086,2455,
26.1459,,Spot,1,Image 1,21,DP,1000000090,2456,
36.2598,,Spot,1,Image 1,21,DP,1000000085,2457,
38.2977,,Spot,1,Image 1,21,DP,1000000087,2458,
72.4706,,Spot,1,Image 1,21,DP;d1,1000000088,2459,
26.5352,,Spot,1,Image 1,21,DP,1000000097,2460,
31.9954,,Spot,1,Image 1,21,DP,1000000096,2461,
38.1912,,Spot,1,Image 1,21,DP,1000000098,2462,
46.795,,Spot,1,Image 1,21,DP,1000000094,2463,
28.1416,,Spot,1,Image 1,21,DP,1000000091,2464,
21.2052,,Spot,1,Image 1,21,EPI,1000000099,2465,
25.7539,,Spot,1,Image 1,21,EPI,1000000095,2466,
24.0487,,Spot,1,Image 1,21,EPI,1000001712,2467,
19.915,,Spot,1,Image 1,21,EPI,1000000093,2468,
36.7383,,Spot,1,Image 1,21,DP,1000001855,2469,
38.7972,,Spot,1,Image 1,21,PRE;targeted,1000000005,2470,
106.167,,Spot,1,Image 1,22,Apoptosis;PRE;targeted,1000000000,2471,
146.419,,Spot,1,Image 1,22,PRE;targeted,1000000002,2472,
52.8206,,Spot,1,Image 1,22,DP,1000000082,2473,
71.5047,,Spot,1,Image 1,22,DP,1000000081,2474,
78.7121,,Spot,1,Image 1,22,DP,1000000083,2475,
25.9413,,Spot,1,Image 1,22,DP,1000000090,2476,
35.9837,,Spot,1,Image 1,22,DP,1000000085,2477,
40.8771,,Spot,1,Image 1,22,DP,1000000087,2478,
67.3427,,Spot,1,Image 1,22,DP;d1,1000000088,2479,
26.951,,Spot,1,Image 1,22,DP,1000000097,2480,
35.3658,,Spot,1,Image 1,22,DP,1000000096,2481,
45.1837,,Spot,1,Image 1,22,DP,1000000098,2482,
47.8075,,Spot,1,Image 1,22,DP,1000000094,2483,
21.1907,,Spot,1,Image 1,22,EPI,1000000099,2484,
25.9661,,Spot,1,Image 1,22,EPI,1000000095,2485,
21.4263,,Spot,1,Image 1,22,EPI,1000001712,2486,
19.9374,,Spot,1,Image 1,22,EPI,1000000093,2487,
36.7921,,Spot,1,Image 1,22,DP,1000001855,2488,
27.3575,,Spot,1,Image 1,22,DP,1000000091,2489,
38.4649,,Spot,1,Image 1,22,PRE;targeted,1000000005,2490,
176.27,,Spot,1,Image 1,23,PRE;targeted,1000000002,2491,
54.3185,,Spot,1,Image 1,23,DP,1000000082,2492,
78.4397,,Spot,1,Image 1,23,DP,1000000081,2493,
83.4908,,Spot,1,Image 1,23,DP,1000000083,2494,
23.9571,,Spot,1,Image 1,23,DP,1000000090,2495,
36.2773,,Spot,1,Image 1,23,DP,1000000085,2496,
38.5335,,Spot,1,Image 1,23,DP,1000000087,2497,
66.6442,,Spot,1,Image 1,23,DP;d1,1000000088,2498,
26.9232,,Spot,1,Image 1,23,DP,1000000097,2499,
29.3405,,Spot,1,Image 1,23,DP,1000000096,2500,
44.9608,,Spot,1,Image 1,23,DP;Mito,1000000098,2501,
47.9888,,Spot,1,Image 1,23,DP,1000000094,2502,
21.8695,,Spot,1,Image 1,23,EPI,1000000099,2503,
22.6345,,Spot,1,Image 1,23,EPI,1000001712,2504,
19.6188,,Spot,1,Image 1,23,EPI,1000000093,2505,
38.885,,Spot,1,Image 1,23,DP,1000001855,2506,
25.1923,,Spot,1,Image 1,23,DP,1000000091,2507,
40.8533,,Spot,1,Image 1,23,PRE;targeted,1000000005,2508,
165.06,,Spot,1,Image 1,24,PRE;targeted,1000000002,2509,
47.5647,,Spot,1,Image 1,24,DP,1000000082,2510,
76.8054,,Spot,1,Image 1,24,DP,1000000081,2511,
92.5163,,Spot,1,Image 1,24,DP,1000000083,2512,
26.736,,Spot,1,Image 1,24,DP,1000000090,2513,
37.3503,,Spot,1,Image 1,24,DP,1000000085,2514,
38.4365,,Spot,1,Image 1,24,DP,1000000087,2515,
62.5953,,Spot,1,Image 1,24,DP;d1,1000000088,2516,
27.2664,,Spot,1,Image 1,24,DP,1000000097,2517,
30.1296,,Spot,1,Image 1,24,DP,1000000096,2518,
53.3643,,Spot,1,Image 1,24,DP;d2,1000000098,2519,
67.0453,,Spot,1,Image 1,24,DP;d1,1000000098,2520,
48.2767,,Spot,1,Image 1,24,Apoptosis;DP,1000000094,2521,
23.1322,,Spot,1,Image 1,24,EPI,1000000099,2522,
21.5553,,Spot,1,Image 1,24,EPI,1000001712,2523,
20.4956,,Spot,1,Image 1,24,EPI,1000000093,2524,
36.9838,,Spot,1,Image 1,24,DP,1000001855,2525,
27.294,,Spot,1,Image 1,24,DP,1000000091,2526,
37.3205,,Spot,1,Image 1,24,PRE;targeted,1000000005,2527,
167.581,,Spot,1,Image 1,25,Apoptosis;PRE;targeted,1000000002,2528,
48.1515,,Spot,1,Image 1,25,DP,1000000082,2529,
79.5658,,Spot,1,Image 1,25,DP,1000000081,2530,
84.6927,,Spot,1,Image 1,25,DP,1000000083,2531,
26.341,,Spot,1,Image 1,25,DP,1000000090,2532,
34.3647,,Spot,1,Image 1,25,DP,1000000085,2533,
40.1551,,Spot,1,Image 1,25,DP,1000000087,2534,
62.3259,,Spot,1,Image 1,25,DP;d1,1000000088,2535,
26.1949,,Spot,1,Image 1,25,DP,1000000097,2536,
29.1075,,Spot,1,Image 1,25,DP,1000000096,2537,
45.9701,,Spot,1,Image 1,25,DP;d1,1000000098,2538,
40.4159,,Spot,1,Image 1,25,DP;d2,1000000098,2539,
22.5289,,Spot,1,Image 1,25,EPI,1000000099,2540,
22.6842,,Spot,1,Image 1,25,EPI,1000001712,2541,
36.1528,,Spot,1,Image 1,25,DP,1000001855,2542,
25.9248,,Spot,1,Image 1,25,DP,1000000091,2543,
37.7605,,Spot,1,Image 1,25,PRE;targeted,1000000005,2544,
53.7619,,Spot,1,Image 1,26,DP,1000000082,2545,
86.3605,,Spot,1,Image 1,26,DP,1000000081,2546,
92.1703,,Spot,1,Image 1,26,DP,1000000083,2547,
24.979,,Spot,1,Image 1,26,DP,1000000090,2548,
41.6469,,Spot,1,Image 1,26,DP,1000000085,2549,
43.5087,,Spot,1,Image 1,26,DP,1000000087,2550,
65.6286,,Spot,1,Image 1,26,DP;d1,1000000088,2551,
27.2917,,Spot,1,Image 1,26,DP,1000000097,2552,
27.605,,Spot,1,Image 1,26,DP,1000000096,2553,
43.3134,,Spot,1,Image 1,26,DP;d1,1000000098,2554,
40.8078,,Spot,1,Image 1,26,DP;d2,1000000098,2555,
23.6441,,Spot,1,Image 1,26,EPI,1000000099,2556,
22.9399,,Spot,1,Image 1,26,EPI,1000001712,2557,
33.7696,,Spot,1,Image 1,26,DP,1000001855,2558,
25.641,,Spot,1,Image 1,26,DP,1000000091,2559,
41.7706,,Spot,1,Image 1,26,PRE;targeted,1000000005,2560,
54.0796,,Spot,1,Image 1,27,DP,1000000082,2561,
83.2013,,Spot,1,Image 1,27,DP,1000000081,2562,
93.1185,,Spot,1,Image 1,27,DP,1000000083,2563,
25.0369,,Spot,1,Image 1,27,DP,1000000090,2564,
45.9838,,Spot,1,Image 1,27,Apoptosis;DP,1000000085,2565,
43.9956,,Spot,1,Image 1,27,DP,1000000087,2566,
54.6409,,Spot,1,Image 1,27,DP;d1,1000000088,2567,
29.3243,,Spot,1,Image 1,27,DP,1000000097,2568,
43.9645,,Spot,1,Image 1,27,DP,1000000096,2569,
34.8872,,Spot,1,Image 1,27,DP;d1,1000000098,2570,
38.1218,,Spot,1,Image 1,27,DP;d2,1000000098,2571,
21.0805,,Spot,1,Image 1,27,EPI,1000000099,2572,
23.1412,,Spot,1,Image 1,27,EPI,1000001712,2573,
37.6813,,Spot,1,Image 1,27,DP,1000001855,2574,
27.2368,,Spot,1,Image 1,27,DP,1000000091,2575,
42.9693,,Spot,1,Image 1,27,PRE;targeted,1000000005,2576,
52.4139,,Spot,1,Image 1,28,DP,1000000082,2577,
79.0896,,Spot,1,Image 1,28,DP,1000000081,2578,
84.4933,,Spot,1,Image 1,28,DP,1000000083,2579,
25.8951,,Spot,1,Image 1,28,DP,1000000090,2580,
39.2745,,Spot,1,Image 1,28,DP,1000000087,2581,
59.3924,,Spot,1,Image 1,28,DP;d1,1000000088,2582,
30.2407,,Spot,1,Image 1,28,DP,1000000097,2583,
38.355,,Spot,1,Image 1,28,DP;Mito,1000000096,2584,
41.3272,,Spot,1,Image 1,28,DP;d1,1000000098,2585,
36.7905,,Spot,1,Image 1,28,DP;d2,1000000098,2586,
21.287,,Spot,1,Image 1,28,EPI,1000000099,2587,
22.7439,,Spot,1,Image 1,28,EPI,1000001712,2588,
35.0609,,Spot,1,Image 1,28,DP,1000001855,2589,
24.1096,,Spot,1,Image 1,28,DP,1000000091,2590,
46.5676,,Spot,1,Image 1,28,Apoptosis;PRE;targeted,1000000005,2591,
51.1099,,Spot,1,Image 1,29,DP,1000000082,2592,
68.1856,,Spot,1,Image 1,29,DP,1000000081,2593,
86.8976,,Spot,1,Image 1,29,DP,1000000083,2594,
24.1135,,Spot,1,Image 1,29,DP,1000000090,2595,
43.9805,,Spot,1,Image 1,29,DP,1000000087,2596,
59.1425,,Spot,1,Image 1,29,DP;d1,1000000088,2597,
28.4357,,Spot,1,Image 1,29,DP,1000000097,2598,
40.5566,,Spot,1,Image 1,29,DP;d1,1000000096,2599,
52.5103,,Spot,1,Image 1,29,DP;d2,1000000096,2600,
38.8072,,Spot,1,Image 1,29,DP;d1,1000000098,2601,
39.8103,,Spot,1,Image 1,29,DP;d2,1000000098,2602,
22.5044,,Spot,1,Image 1,29,EPI,1000000099,2603,
21.8744,,Spot,1,Image 1,29,EPI,1000001712,2604,
36.0895,,Spot,1,Image 1,29,DP,1000001855,2605,
24.5276,,Spot,1,Image 1,29,DP,1000000091,2606,
49.9387,,Spot,1,Image 1,30,DP,1000000082,2607,
66.2817,,Spot,1,Image 1,30,DP,1000000081,2608,
87.3727,,Spot,1,Image 1,30,DP,1000000083,2609,
25.2333,,Spot,1,Image 1,30,DP,1000000090,2610,
41.3741,,Spot,1,Image 1,30,DP,1000000087,2611,
58.205,,Spot,1,Image 1,30,DP;d1,1000000088,2612,
30.1199,,Spot,1,Image 1,30,DP,1000000097,2613,
31.6385,,Spot,1,Image 1,30,DP;d1,1000000096,2614,
46.1882,,Spot,1,Image 1,30,DP;d2,1000000096,2615,
44.5779,,Spot,1,Image 1,30,DP;d1,1000000098,2616,
39.139,,Spot,1,Image 1,30,DP;d2,1000000098,2617,
22.8112,,Spot,1,Image 1,30,EPI,1000000099,2618,
21.0204,,Spot,1,Image 1,30,EPI,1000001712,2619,
32.102,,Spot,1,Image 1,30,DP,1000001855,2620,
24.5543,,Spot,1,Image 1,30,DP,1000000091,2621,
47.8884,,Spot,1,Image 1,31,DP,1000000082,2622,
77.935,,Spot,1,Image 1,31,DP,1000000081,2623,
81.2874,,Spot,1,Image 1,31,DP,1000000083,2624,
25.2991,,Spot,1,Image 1,31,DP,1000000090,2625,
37.533,,Spot,1,Image 1,31,DP,1000000087,2626,
64.2274,,Spot,1,Image 1,31,DP;d1,1000000088,2627,
31.1766,,Spot,1,Image 1,31,DP,1000000097,2628,
33.3538,,Spot,1,Image 1,31,DP;d1,1000000096,2629,
40.0116,,Spot,1,Image 1,31,DP;d2,1000000096,2630,
49.5322,,Spot,1,Image 1,31,DP;d1,1000000098,2631,
42.9083,,Spot,1,Image 1,31,DP;d2,1000000098,2632,
23.7398,,Spot,1,Image 1,31,EPI,1000000099,2633,
20.9305,,Spot,1,Image 1,31,EPI,1000001712,2634,
34.4898,,Spot,1,Image 1,31,DP,1000001855,2635,
25.9242,,Spot,1,Image 1,31,DP,1000000091,2636,
48.2898,,Spot,1,Image 1,32,DP,1000000082,2637,
76.7601,,Spot,1,Image 1,32,DP,1000000081,2638,
75.5637,,Spot,1,Image 1,32,DP,1000000083,2639,
23.4944,,Spot,1,Image 1,32,DP,1000000090,2640,
36.6406,,Spot,1,Image 1,32,DP,1000000087,2641,
75.4605,,Spot,1,Image 1,32,DP;d1,1000000088,2642,
30.5724,,Spot,1,Image 1,32,DP,1000000097,2643,
32.5244,,Spot,1,Image 1,32,DP;d1,1000000096,2644,
38.5942,,Spot,1,Image 1,32,DP;d2,1000000096,2645,
53.1349,,Spot,1,Image 1,32,DP;d1,1000000098,2646,
44.8924,,Spot,1,Image 1,32,DP;d2,1000000098,2647,
21.9372,,Spot,1,Image 1,32,EPI,1000000099,2648,
20.3843,,Spot,1,Image 1,32,EPI,1000001712,2649,
33.7127,,Spot,1,Image 1,32,DP,1000001855,2650,
27.1362,,Spot,1,Image 1,32,DP,1000000091,2651,
47.7956,,Spot,1,Image 1,33,DP,1000000082,2652,
86.3364,,Spot,1,Image 1,33,DP,1000000081,2653,
78.267,,Spot,1,Image 1,33,DP,1000000083,2654,
25.3944,,Spot,1,Image 1,33,DP,1000000090,2655,
36.5151,,Spot,1,Image 1,33,DP,1000000087,2656,
73.3747,,Spot,1,Image 1,33,DP;d1,1000000088,2657,
31.2871,,Spot,1,Image 1,33,DP,1000000097,2658,
33.3018,,Spot,1,Image 1,33,DP;d1,1000000096,2659,
38.6083,,Spot,1,Image 1,33,DP;d2,1000000096,2660,
60.7712,,Spot,1,Image 1,33,DP;d1,1000000098,2661,
47.4308,,Spot,1,Image 1,33,DP;d2,1000000098,2662,
21.7786,,Spot,1,Image 1,33,EPI,1000000099,2663,
21.7362,,Spot,1,Image 1,33,EPI,1000001712,2664,
39.2127,,Spot,1,Image 1,33,DP,1000001855,2665,
26.0524,,Spot,1,Image 1,33,DP,1000000091,2666,
47.3074,,Spot,1,Image 1,34,DP,1000000082,2667,
85.1462,,Spot,1,Image 1,34,DP,1000000081,2668,
85.3118,,Spot,1,Image 1,34,DP,1000000083,2669,
26.0134,,Spot,1,Image 1,34,DP,1000000090,2670,
38.3789,,Spot,1,Image 1,34,DP,1000000087,2671,
71.3461,,Spot,1,Image 1,34,DP;d1,1000000088,2672,
29.1497,,Spot,1,Image 1,34,DP,1000000097,2673,
30.4626,,Spot,1,Image 1,34,DP;d1,1000000096,2674,
36.6659,,Spot,1,Image 1,34,DP;d2,1000000096,2675,
55.0365,,Spot,1,Image 1,34,DP;d1,1000000098,2676,
42.2098,,Spot,1,Image 1,34,DP;d2,1000000098,2677,
23.8136,,Spot,1,Image 1,34,EPI,1000000099,2678,
22.0264,,Spot,1,Image 1,34,EPI,1000001712,2679,
49.7489,,Spot,1,Image 1,34,DP,1000001855,2680,
26.3251,,Spot,1,Image 1,34,DP,1000000091,2681,
42.2195,,Spot,1,Image 1,35,DP,1000000082,2682,
83.1878,,Spot,1,Image 1,35,DP,1000000081,2683,
69.2143,,Spot,1,Image 1,35,DP,1000000083,2684,
23.9124,,Spot,1,Image 1,35,DP,1000000090,2685,
44.4395,,Spot,1,Image 1,35,DP,1000000087,2686,
64.1707,,Spot,1,Image 1,35,DP;d1,1000000088,2687,
30.6667,,Spot,1,Image 1,35,DP,1000000097,2688,
30.1247,,Spot,1,Image 1,35,DP;d1,1000000096,2689,
35.9683,,Spot,1,Image 1,35,DP;d2,1000000096,2690,
53.7737,,Spot,1,Image 1,35,DP;d1,1000000098,2691,
46.6157,,Spot,1,Image 1,35,DP;d2,1000000098,2692,
22.9478,,Spot,1,Image 1,35,EPI,1000000099,2693,
21.8869,,Spot,1,Image 1,35,EPI,1000001712,2694,
38.3246,,Spot,1,Image 1,35,DP,1000001855,2695,
23.3936,,Spot,1,Image 1,35,DP,1000000091,2696,
47.3173,,Spot,1,Image 1,36,DP,1000000082,2697,
86.7478,,Spot,1,Image 1,36,DP,1000000081,2698,
66.2951,,Spot,1,Image 1,36,DP,1000000083,2699,
24.0465,,Spot,1,Image 1,36,DP,1000000090,2700,
42.4196,,Spot,1,Image 1,36,DP,1000000087,2701,
71.1651,,Spot,1,Image 1,36,DP;d1,1000000088,2702,
35.6935,,Spot,1,Image 1,36,DP;Mito,1000000097,2703,
29.0202,,Spot,1,Image 1,36,DP;d1,1000000096,2704,
38.413,,Spot,1,Image 1,36,DP;d2,1000000096,2705,
57.2613,,Spot,1,Image 1,36,DP;d1,1000000098,2706,
46.8924,,Spot,1,Image 1,36,DP;d2,1000000098,2707,
23.0537,,Spot,1,Image 1,36,EPI,1000000099,2708,
21.9178,,Spot,1,Image 1,36,EPI,1000001712,2709,
36.8449,,Spot,1,Image 1,36,DP,1000001855,2710,
25.3224,,Spot,1,Image 1,36,DP,1000000091,2711,
49.5407,,Spot,1,Image 1,37,DP,1000000082,2712,
91.0046,,Spot,1,Image 1,37,DP,1000000081,2713,
89.7582,,Spot,1,Image 1,37,DP,1000000083,2714,
24.5046,,Spot,1,Image 1,37,DP,1000000090,2715,
35.8667,,Spot,1,Image 1,37,DP,1000000087,2716,
73.8288,,Spot,1,Image 1,37,DP;d1,1000000088,2717,
29.2177,,Spot,1,Image 1,37,DP;d2,1000000097,2718,
35.1802,,Spot,1,Image 1,37,DP;d1,1000000097,2719,
28.9081,,Spot,1,Image 1,37,DP;d1,1000000096,2720,
37.4977,,Spot,1,Image 1,37,DP;d2,1000000096,2721,
61.4217,,Spot,1,Image 1,37,DP;d1,1000000098,2722,
48.6275,,Spot,1,Image 1,37,DP;d2,1000000098,2723,
21.7807,,Spot,1,Image 1,37,EPI,1000000099,2724,
22.8549,,Spot,1,Image 1,37,EPI,1000001712,2725,
36.4607,,Spot,1,Image 1,37,DP,1000001855,2726,
24.8717,,Spot,1,Image 1,37,DP,1000000091,2727,
51.6009,,Spot,1,Image 1,38,DP,1000000082,2728,
86.7705,,Spot,1,Image 1,38,DP,1000000081,2729,
95.7575,,Spot,1,Image 1,38,DP,1000000083,2730,
40.7977,,Spot,1,Image 1,38,DP,1000000087,2731,
75.3981,,Spot,1,Image 1,38,DP;d1,1000000088,2732,
31.3082,,Spot,1,Image 1,38,DP;d1,1000000097,2733,
31.6355,,Spot,1,Image 1,38,DP;d2,1000000097,2734,
31.7041,,Spot,1,Image 1,38,DP;d1,1000000096,2735,
38.1354,,Spot,1,Image 1,38,DP;d2,1000000096,2736,
56.4047,,Spot,1,Image 1,38,DP;d1,1000000098,2737,
53.5212,,Spot,1,Image 1,38,DP;d2,1000000098,2738,
21.5602,,Spot,1,Image 1,38,EPI,1000000099,2739,
23.0132,,Spot,1,Image 1,38,EPI,1000001712,2740,
24.7907,,Spot,1,Image 1,38,DP,1000000090,2741,
48.3964,,Spot,1,Image 1,38,DP,1000001855,2742,
26.2748,,Spot,1,Image 1,38,DP,1000000091,2743,
42.7615,,Spot,1,Image 1,39,DP,1000000082,2744,
88.5804,,Spot,1,Image 1,39,DP,1000000081,2745,
93.5427,,Spot,1,Image 1,39,DP,1000000083,2746,
44.1176,,Spot,1,Image 1,39,DP,1000000087,2747,
77.2831,,Spot,1,Image 1,39,DP;d1,1000000088,2748,
29.0329,,Spot,1,Image 1,39,DP;d1,1000000097,2749,
31.656,,Spot,1,Image 1,39,DP;d2,1000000097,2750,
31.3778,,Spot,1,Image 1,39,DP;d1,1000000096,2751,
38.2746,,Spot,1,Image 1,39,DP;d2,1000000096,2752,
54.1368,,Spot,1,Image 1,39,DP;d1,1000000098,2753,
54.2268,,Spot,1,Image 1,39,DP;d2,1000000098,2754,
25.8778,,Spot,1,Image 1,39,EPI,1000000099,2755,
23.5945,,Spot,1,Image 1,39,EPI,1000001712,2756,
25.1982,,Spot,1,Image 1,39,DP,1000000090,2757,
61.5033,,Spot,1,Image 1,39,DP,1000001855,2758,
27.6577,,Spot,1,Image 1,39,DP,1000000091,2759,
49.4872,,Spot,1,Image 1,40,DP,1000000082,2760,
91.0166,,Spot,1,Image 1,40,DP,1000000081,2761,
141.46,,Spot,1,Image 1,40,Apoptosis;DP,1000000083,2762,
45.1602,,Spot,1,Image 1,40,DP,1000000087,2763,
81.6401,,Spot,1,Image 1,40,DP;d1,1000000088,2764,
27.6509,,Spot,1,Image 1,40,DP;d1,1000000097,2765,
31.4161,,Spot,1,Image 1,40,DP;d2,1000000097,2766,
32.5124,,Spot,1,Image 1,40,DP;d1,1000000096,2767,
37.1458,,Spot,1,Image 1,40,DP;d2,1000000096,2768,
63.9683,,Spot,1,Image 1,40,DP;d1,1000000098,2769,
51.8061,,Spot,1,Image 1,40,DP;d2,1000000098,2770,
23.5812,,Spot,1,Image 1,40,EPI,1000000099,2771,
23.7815,,Spot,1,Image 1,40,EPI,1000001712,2772,
25.8465,,Spot,1,Image 1,40,DP,1000000090,2773,
59.8665,,Spot,1,Image 1,40,DP,1000001855,2774,
28.4705,,Spot,1,Image 1,40,DP,1000000091,2775,
43.4626,,Spot,1,Image 1,41,DP,1000000082,2776,
86.7581,,Spot,1,Image 1,41,DP,1000000081,2777,
45.5553,,Spot,1,Image 1,41,DP,1000000087,2778,
77.5246,,Spot,1,Image 1,41,DP;d1,1000000088,2779,
27.4815,,Spot,1,Image 1,41,DP;d1,1000000097,2780,
29.6796,,Spot,1,Image 1,41,DP;d2,1000000097,2781,
31.1031,,Spot,1,Image 1,41,DP;d1,1000000096,2782,
40.6748,,Spot,1,Image 1,41,DP;d2,1000000096,2783,
57.1737,,Spot,1,Image 1,41,DP;d1,1000000098,2784,
51.458,,Spot,1,Image 1,41,DP;d2,1000000098,2785,
23.3385,,Spot,1,Image 1,41,EPI,1000000099,2786,
25.413,,Spot,1,Image 1,41,DP,1000000090,2787,
59.9606,,Spot,1,Image 1,41,DP,1000001855,2788,
24.3192,,Spot,1,Image 1,41,DP,1000000091,2789,
47.2979,,Spot,1,Image 1,42,DP,1000000082,2790,
86.9384,,Spot,1,Image 1,42,DP,1000000081,2791,
44.596,,Spot,1,Image 1,42,DP,1000000087,2792,
75.5463,,Spot,1,Image 1,42,DP;d1,1000000088,2793,
26.1274,,Spot,1,Image 1,42,DP;d1,1000000097,2794,
28.7414,,Spot,1,Image 1,42,DP;d2,1000000097,2795,
30.649,,Spot,1,Image 1,42,DP;d1,1000000096,2796,
37.0399,,Spot,1,Image 1,42,DP;d2,1000000096,2797,
54.651,,Spot,1,Image 1,42,DP;d1,1000000098,2798,
51.2883,,Spot,1,Image 1,42,DP;d2,1000000098,2799,
22.7976,,Spot,1,Image 1,42,EPI,1000000099,2800,
24.4533,,Spot,1,Image 1,42,DP,1000000090,2801,
61.6186,,Spot,1,Image 1,42,DP,1000001855,2802,
29.6157,,Spot,1,Image 1,42,DP,1000000091,2803,
44.931,,Spot,1,Image 1,43,DP,1000000082,2804,
90.298,,Spot,1,Image 1,43,DP,1000000081,2805,
42.2484,,Spot,1,Image 1,43,DP,1000000087,2806,
80.948,,Spot,1,Image 1,43,DP;d1,1000000088,2807,
26.6659,,Spot,1,Image 1,43,DP;d1,1000000097,2808,
28.2005,,Spot,1,Image 1,43,DP;d2,1000000097,2809,
30.3821,,Spot,1,Image 1,43,DP;d1,1000000096,2810,
38.3846,,Spot,1,Image 1,43,DP;d2,1000000096,2811,
56.9281,,Spot,1,Image 1,43,DP;d1,1000000098,2812,
53.6584,,Spot,1,Image 1,43,DP;d2,1000000098,2813,
25.9439,,Spot,1,Image 1,43,EPI,1000000099,2814,
24.7335,,Spot,1,Image 1,43,DP,1000000090,2815,
59.0247,,Spot,1,Image 1,43,DP,1000001855,2816,
28.1565,,Spot,1,Image 1,43,DP,1000000091,2817,
45.8694,,Spot,1,Image 1,44,DP,1000000082,2818,
104.184,,Spot,1,Image 1,44,DP,1000000081,2819,
45.2971,,Spot,1,Image 1,44,DP,1000000087,2820,
76.2372,,Spot,1,Image 1,44,DP;d1,1000000088,2821,
25.8194,,Spot,1,Image 1,44,DP;d1,1000000097,2822,
28.0384,,Spot,1,Image 1,44,DP;d2,1000000097,2823,
29.5485,,Spot,1,Image 1,44,DP;d1,1000000096,2824,
33.9385,,Spot,1,Image 1,44,DP;d2,1000000096,2825,
67.1316,,Spot,1,Image 1,44,DP;d1,1000000098,2826,
50.4105,,Spot,1,Image 1,44,DP;d2,1000000098,2827,
25.2005,,Spot,1,Image 1,44,EPI,1000000099,2828,
25.0558,,Spot,1,Image 1,44,DP,1000000090,2829,
55.1921,,Spot,1,Image 1,44,DP,1000001855,2830,
27.9498,,Spot,1,Image 1,44,DP,1000000091,2831,
45.8505,,Spot,1,Image 1,45,DP,1000000082,2832,
103.084,,Spot,1,Image 1,45,DP,1000000081,2833,
46.8555,,Spot,1,Image 1,45,DP,1000000087,2834,
73.1747,,Spot,1,Image 1,45,DP;d1,1000000088,2835,
27.1762,,Spot,1,Image 1,45,DP;d1,1000000097,2836,
27.1929,,Spot,1,Image 1,45,DP;d2,1000000097,2837,
30.2325,,Spot,1,Image 1,45,DP;d1,1000000096,2838,
37.1116,,Spot,1,Image 1,45,DP;d2,1000000096,2839,
69.4382,,Spot,1,Image 1,45,DP;d1,1000000098,2840,
53.4989,,Spot,1,Image 1,45,DP;d2,1000000098,2841,
23.8476,,Spot,1,Image 1,45,EPI,1000000099,2842,
24.1,,Spot,1,Image 1,45,DP,1000000090,2843,
69.2014,,Spot,1,Image 1,45,DP,1000001855,2844,
27.8341,,Spot,1,Image 1,45,DP,1000000091,2845,
50.3521,,Spot,1,Image 1,46,DP,1000000082,2846,
107.302,,Spot,1,Image 1,46,DP,1000000081,2847,
48.3379,,Spot,1,Image 1,46,DP,1000000087,2848,
77.8,,Spot,1,Image 1,46,DP;d1,1000000088,2849,
27.6143,,Spot,1,Image 1,46,DP;d1,1000000097,2850,
30.7303,,Spot,1,Image 1,46,DP;d2,1000000097,2851,
28.1258,,Spot,1,Image 1,46,DP;d1,1000000096,2852,
37.4714,,Spot,1,Image 1,46,DP;d2,1000000096,2853,
66.9908,,Spot,1,Image 1,46,DP;d1,1000000098,2854,
54.1228,,Spot,1,Image 1,46,DP;d2,1000000098,2855,
22.9954,,Spot,1,Image 1,46,EPI,1000000099,2856,
25.2354,,Spot,1,Image 1,46,DP,1000000090,2857,
71.6175,,Spot,1,Image 1,46,DP,1000001855,2858,
25.7127,,Spot,1,Image 1,46,DP,1000000091,2859,
50.4835,,Spot,1,Image 1,47,DP,1000000082,2860,
106.263,,Spot,1,Image 1,47,DP,1000000081,2861,
46.6079,,Spot,1,Image 1,47,DP,1000000087,2862,
86.1224,,Spot,1,Image 1,47,DP;d1,1000000088,2863,
30.2773,,Spot,1,Image 1,47,DP;d1,1000000097,2864,
34.3484,,Spot,1,Image 1,47,DP;d2,1000000097,2865,
27.0376,,Spot,1,Image 1,47,DP;d1,1000000096,2866,
36.7336,,Spot,1,Image 1,47,DP;d2,1000000096,2867,
65.6791,,Spot,1,Image 1,47,DP;d1,1000000098,2868,
48.6958,,Spot,1,Image 1,47,DP;d2,1000000098,2869,
22.6629,,Spot,1,Image 1,47,EPI,1000000099,2870,
26.4027,,Spot,1,Image 1,47,DP,1000000090,2871,
68.5953,,Spot,1,Image 1,47,DP,1000001855,2872,
25.8298,,Spot,1,Image 1,47,DP,1000000091,2873,
50.7364,,Spot,1,Image 1,48,DP,1000000082,2874,
106.806,,Spot,1,Image 1,48,DP,1000000081,2875,
42.656,,Spot,1,Image 1,48,DP,1000000087,2876,
88.6747,,Spot,1,Image 1,48,DP;d1,1000000088,2877,
29.8468,,Spot,1,Image 1,48,DP;d1,1000000097,2878,
36.6667,,Spot,1,Image 1,48,DP;d2,1000000097,2879,
27.3193,,Spot,1,Image 1,48,DP;d1,1000000096,2880,
38.9374,,Spot,1,Image 1,48,DP;d2,1000000096,2881,
64.2581,,Spot,1,Image 1,48,DP;d1,1000000098,2882,
44.0953,,Spot,1,Image 1,48,DP;d2,1000000098,2883,
23.5333,,Spot,1,Image 1,48,EPI,1000000099,2884,
24.7641,,Spot,1,Image 1,48,DP,1000000090,2885,
70.7852,,Spot,1,Image 1,48,DP,1000001855,2886,
28.0945,,Spot,1,Image 1,48,DP,1000000091,2887,
52.2195,,Spot,1,Image 1,49,DP,1000000082,2888,
99.5304,,Spot,1,Image 1,49,DP,1000000081,2889,
44.9606,,Spot,1,Image 1,49,DP,1000000087,2890,
80.0111,,Spot,1,Image 1,49,DP;d1,1000000088,2891,
24.5645,,Spot,1,Image 1,49,DP;d1,1000000097,2892,
31.4583,,Spot,1,Image 1,49,DP;d2,1000000097,2893,
25.7798,,Spot,1,Image 1,49,DP;d1,1000000096,2894,
39.1833,,Spot,1,Image 1,49,DP;d2,1000000096,2895,
66.3775,,Spot,1,Image 1,49,DP;d1,1000000098,2896,
39.4455,,Spot,1,Image 1,49,DP;d2,1000000098,2897,
22.277,,Spot,1,Image 1,49,EPI,1000000099,2898,
24.9674,,Spot,1,Image 1,49,DP,1000000090,2899,
72.0659,,Spot,1,Image 1,49,DP,1000001855,2900,
28.6903,,Spot,1,Image 1,49,DP,1000000091,2901,
52.8894,,Spot,1,Image 1,50,DP,1000000082,2902,
99.836,,Spot,1,Image 1,50,DP,1000000081,2903,
43.3418,,Spot,1,Image 1,50,DP,1000000087,2904,
84.8796,,Spot,1,Image 1,50,DP;d1,1000000088,2905,
27.3968,,Spot,1,Image 1,50,DP;d1,1000000097,2906,
25.6535,,Spot,1,Image 1,50,DP;d2,1000000097,2907,
27.3933,,Spot,1,Image 1,50,DP;d1,1000000096,2908,
38.3835,,Spot,1,Image 1,50,DP;d2,1000000096,2909,
70.9029,,Spot,1,Image 1,50,DP;d1,1000000098,2910,
38.625,,Spot,1,Image 1,50,DP;d2,1000000098,2911,
20.7568,,Spot,1,Image 1,50,EPI,1000000099,2912,
27.746,,Spot,1,Image 1,50,DP,1000000090,2913,
79.1147,,Spot,1,Image 1,50,DP,1000001855,2914,
24.0767,,Spot,1,Image 1,50,DP,1000000091,2915,
53.3765,,Spot,1,Image 1,51,DP,1000000082,2916,
105.948,,Spot,1,Image 1,51,DP,1000000081,2917,
44.912,,Spot,1,Image 1,51,DP,1000000087,2918,
87.151,,Spot,1,Image 1,51,DP;d1,1000000088,2919,
29.2149,,Spot,1,Image 1,51,DP;d1,1000000097,2920,
25.4579,,Spot,1,Image 1,51,DP;d2,1000000097,2921,
28.1143,,Spot,1,Image 1,51,DP;d1,1000000096,2922,
37.4329,,Spot,1,Image 1,51,DP;d2,1000000096,2923,
78.8041,,Spot,1,Image 1,51,DP;d1,1000000098,2924,
39.6644,,Spot,1,Image 1,51,DP;d2,1000000098,2925,
21.0458,,Spot,1,Image 1,51,EPI,1000000099,2926,
24.8674,,Spot,1,Image 1,51,DP,1000000090,2927,
83.1834,,Spot,1,Image 1,51,DP,1000001855,2928,
27.5602,,Spot,1,Image 1,51,DP,1000000091,2929,
54.4543,,Spot,1,Image 1,52,DP,1000000082,2930,
107.808,,Spot,1,Image 1,52,DP,1000000081,2931,
45.197,,Spot,1,Image 1,52,DP,1000000087,2932,
94.3902,,Spot,1,Image 1,52,DP;d1,1000000088,2933,
28.0847,,Spot,1,Image 1,52,DP;d1,1000000097,2934,
27.4247,,Spot,1,Image 1,52,DP;d2,1000000097,2935,
26.6441,,Spot,1,Image 1,52,DP;d1,1000000096,2936,
37.8815,,Spot,1,Image 1,52,DP;d2,1000000096,2937,
90.7299,,Spot,1,Image 1,52,DP;d1,1000000098,2938,
42,,Spot,1,Image 1,52,DP;d2,1000000098,2939,
20.5614,,Spot,1,Image 1,52,EPI,1000000099,2940,
23.7808,,Spot,1,Image 1,52,DP,1000000090,2941,
79.2505,,Spot,1,Image 1,52,DP,1000001855,2942,
24.7357,,Spot,1,Image 1,52,DP,1000000091,2943,
52.342,,Spot,1,Image 1,53,DP,1000000082,2944,
119.097,,Spot,1,Image 1,53,DP,1000000081,2945,
43.1158,,Spot,1,Image 1,53,DP,1000000087,2946,
93.3901,,Spot,1,Image 1,53,DP;d1,1000000088,2947,
30.5189,,Spot,1,Image 1,53,DP;d1,1000000097,2948,
25.3756,,Spot,1,Image 1,53,DP;d2,1000000097,2949,
29.5688,,Spot,1,Image 1,53,DP;d1,1000000096,2950,
37.8028,,Spot,1,Image 1,53,DP;d2,1000000096,2951,
82.8565,,Spot,1,Image 1,53,DP;d1,1000000098,2952,
52.8474,,Spot,1,Image 1,53,DP;d2,1000000098,2953,
21.7183,,Spot,1,Image 1,53,EPI,1000000099,2954,
26.0304,,Spot,1,Image 1,53,DP,1000000090,2955,
77.564,,Spot,1,Image 1,53,DP,1000001855,2956,
26.3672,,Spot,1,Image 1,53,DP,1000000091,2957,
54.2154,,Spot,1,Image 1,54,DP,1000000082,2958,
118.319,,Spot,1,Image 1,54,DP,1000000081,2959,
44.9797,,Spot,1,Image 1,54,DP,1000000087,2960,
96.913,,Spot,1,Image 1,54,DP;d1,1000000088,2961,
29.4617,,Spot,1,Image 1,54,DP;d1,1000000097,2962,
27.205,,Spot,1,Image 1,54,DP;d2,1000000097,2963,
32,,Spot,1,Image 1,54,DP;d1,1000000096,2964,
36.9284,,Spot,1,Image 1,54,DP;d2,1000000096,2965,
88.0022,,Spot,1,Image 1,54,DP;d1,1000000098,2966,
54.7093,,Spot,1,Image 1,54,DP;d2,1000000098,2967,
20.8093,,Spot,1,Image 1,54,EPI,1000000099,2968,
26.0302,,Spot,1,Image 1,54,DP,1000000090,2969,
76.7275,,Spot,1,Image 1,54,DP,1000001855,2970,
26.9881,,Spot,1,Image 1,54,DP,1000000091,2971,
54.6435,,Spot,1,Image 1,55,DP,1000000082,2972,
117.655,,Spot,1,Image 1,55,DP,1000000081,2973,
41.1671,,Spot,1,Image 1,55,DP,1000000087,2974,
94.6202,,Spot,1,Image 1,55,DP;d1,1000000088,2975,
30.3063,,Spot,1,Image 1,55,DP;d1,1000000097,2976,
27.5755,,Spot,1,Image 1,55,DP;d2,1000000097,2977,
31.2341,,Spot,1,Image 1,55,DP;d1,1000000096,2978,
34.2037,,Spot,1,Image 1,55,DP;d2,1000000096,2979,
96.1065,,Spot,1,Image 1,55,DP;d1,1000000098,2980,
55.5477,,Spot,1,Image 1,55,DP;d2,1000000098,2981,
21.4119,,Spot,1,Image 1,55,EPI,1000000099,2982,
24.5068,,Spot,1,Image 1,55,DP,1000000090,2983,
73.1451,,Spot,1,Image 1,55,DP,1000001855,2984,
26.3904,,Spot,1,Image 1,55,DP,1000000091,2985,
52.2674,,Spot,1,Image 1,56,DP,1000000082,2986,
103.211,,Spot,1,Image 1,56,DP,1000000081,2987,
38.0336,,Spot,1,Image 1,56,DP,1000000087,2988,
87.9932,,Spot,1,Image 1,56,DP;d1,1000000088,2989,
30.9775,,Spot,1,Image 1,56,DP;d1,1000000097,2990,
26.0604,,Spot,1,Image 1,56,DP;d2,1000000097,2991,
31.6991,,Spot,1,Image 1,56,DP;d1,1000000096,2992,
33.9978,,Spot,1,Image 1,56,DP;d2,1000000096,2993,
92.4471,,Spot,1,Image 1,56,DP;d1,1000000098,2994,
59.367,,Spot,1,Image 1,56,DP;d2,1000000098,2995,
20.0746,,Spot,1,Image 1,56,EPI,1000000099,2996,
24.6338,,Spot,1,Image 1,56,DP,1000000090,2997,
90.3814,,Spot,1,Image 1,56,DP;Mito,1000001855,2998,
29.1869,,Spot,1,Image 1,56,DP,1000000091,2999,
49.2637,,Spot,1,Image 1,57,DP,1000000082,3000,
94.8776,,Spot,1,Image 1,57,DP,1000000081,3001,
38.1973,,Spot,1,Image 1,57,DP,1000000087,3002,
91.6683,,Spot,1,Image 1,57,DP;d1,1000000088,3003,
29.3144,,Spot,1,Image 1,57,DP;d1,1000000097,3004,
25.0882,,Spot,1,Image 1,57,DP;d2,1000000097,3005,
29.9549,,Spot,1,Image 1,57,DP;d1,1000000096,3006,
38.432,,Spot,1,Image 1,57,DP;d2,1000000096,3007,
85.3393,,Spot,1,Image 1,57,DP;d1,1000000098,3008,
51.7425,,Spot,1,Image 1,57,DP;d2,1000000098,3009,
20.3399,,Spot,1,Image 1,57,EPI,1000000099,3010,
23.9868,,Spot,1,Image 1,57,DP,1000000090,3011,
102.389,,Spot,1,Image 1,57,DP;d1,1000001855,3012,
138.879,,Spot,1,Image 1,57,DP;d2,1000001855,3013,
27.5022,,Spot,1,Image 1,57,DP,1000000091,3014,
50.8057,,Spot,1,Image 1,58,DP,1000000082,3015,
101.388,,Spot,1,Image 1,58,DP,1000000081,3016,
37.493,,Spot,1,Image 1,58,DP,1000000087,3017,
92.1038,,Spot,1,Image 1,58,DP;d1,1000000088,3018,
33.1134,,Spot,1,Image 1,58,DP;d1,1000000097,3019,
25.8426,,Spot,1,Image 1,58,Apoptosis;DP;d2,1000000097,3020,
32.5371,,Spot,1,Image 1,58,DP;d1,1000000096,3021,
36.1741,,Spot,1,Image 1,58,DP;d2,1000000096,3022,
85.0835,,Spot,1,Image 1,58,DP;d1,1000000098,3023,
55.9935,,Spot,1,Image 1,58,DP;d2,1000000098,3024,
19.7823,,Spot,1,Image 1,58,EPI,1000000099,3025,
24.1589,,Spot,1,Image 1,58,DP,1000000090,3026,
75.6157,,Spot,1,Image 1,58,DP;d1,1000001855,3027,
110.002,,Spot,1,Image 1,58,DP;d2,1000001855,3028,
26.9955,,Spot,1,Image 1,58,DP,1000000091,3029,
54.0905,,Spot,1,Image 1,59,DP,1000000082,3030,
108.458,,Spot,1,Image 1,59,DP,1000000081,3031,
36.1765,,Spot,1,Image 1,59,DP,1000000087,3032,
97.0986,,Spot,1,Image 1,59,DP;d1,1000000088,3033,
31.4767,,Spot,1,Image 1,59,DP;d1,1000000097,3034,
30.1344,,Spot,1,Image 1,59,DP;d1,1000000096,3035,
39.1538,,Spot,1,Image 1,59,DP;d2,1000000096,3036,
81.6927,,Spot,1,Image 1,59,DP;d1,1000000098,3037,
66.8372,,Spot,1,Image 1,59,DP;d2,1000000098,3038,
23.0804,,Spot,1,Image 1,59,EPI,1000000099,3039,
22.8894,,Spot,1,Image 1,59,DP,1000000090,3040,
74.9182,,Spot,1,Image 1,59,DP;d1,1000001855,3041,
106.869,,Spot,1,Image 1,59,DP;d2,1000001855,3042,
28.0512,,Spot,1,Image 1,59,DP,1000000091,3043,
55.8998,,Spot,1,Image 1,60,DP,1000000082,3044,
106.225,,Spot,1,Image 1,60,DP,1000000081,3045,
39.7114,,Spot,1,Image 1,60,DP,1000000087,3046,
95.6323,,Spot,1,Image 1,60,DP;d1,1000000088,3047,
30.5636,,Spot,1,Image 1,60,DP;d1,1000000097,3048,
31.8153,,Spot,1,Image 1,60,DP;d1,1000000096,3049,
37.6721,,Spot,1,Image 1,60,DP;d2,1000000096,3050,
84.9214,,Spot,1,Image 1,60,DP;d1,1000000098,3051,
73.1585,,Spot,1,Image 1,60,DP;d2,1000000098,3052,
22.9847,,Spot,1,Image 1,60,EPI,1000000099,3053,
24.8134,,Spot,1,Image 1,60,DP,1000000090,3054,
77.1364,,Spot,1,Image 1,60,DP;d1,1000001855,3055,
99.2166,,Spot,1,Image 1,60,DP;d2,1000001855,3056,
27.596,,Spot,1,Image 1,60,DP,1000000091,3057,
